44496
32429
36379
36480
29624
149
5684
22715
25873
38412
22132
55588
19561
51869
25753
16938
19714
21646
35456
44096
36960
216
56812
39445
46205
5271
8231
7889
44370
19999
38313
63092
61007
31947
2063
10212
62589
60925
26888
30669
15708
21531
632
59733
31331
63847
60079
18485
23296
61732
43482
42336
40862
64892
60286
21951
44430
15432
31444
20682
32329
39111
5805
21560
19007
63542
18477
27033
37099
7147
62109
60503
19200
2266
55549
63660
59640
12991
39680
57530
54741
48346
26164
27306
13367
27436
46156
56147
28887
45600
19494
15119
41412
1899
27561
34872
58111
51733
35785
16981
28768
59742
53673
40153
61235
50827
42687
54911
37200
36151
33174
27934
44124
38017
63610
54156
21511
63894
21031
47610
6779
65079
60913
3970
32843
17369
49105
30555
55784
31296
25798
46123
40348
51029
56350
24986
38734
4486
2520
30394
26633
30351
53421
23763
54284
57972
50828
43983
39868
48590
28622
49844
12281
39858
11111
50359
20968
18073
57312
62912
16072
25907
19880
55504
8930
35810
10711
51979
16520
4716
48391
31839
8847
38663
22169
40430
51691
9482
3534
19552
38257
28137
53792
11066
34410
7032
62182
17664
60926
45753
65152
41953
50016
49917
2708
11988
15116
46653
15423
49448
24748
51542
20476
11529
45428
50609
12467
1750
6287
38410
39598
48394
25670
52616
48705
51683
52669
34786
46276
18020
36901
33442
62897
1204
46039
3894
22370
45040
6054
9173
17148
31707
46038
49673
52388
19825
61388
36292
15167
14554
25363
29466
3375
57149
17660
52075
48324
60035
16618
35182
61203
19370
4613
34284
34105
19663
46139
20977
25252
12350
48140
46692
64923
21594
28462
51496
51563
26346
1927
50411
48733
31709
29971
26418
10866
8657
25486
53257
14807
15439
64308
52337
26225
20054
6699
12332
3593
27272
49909
51623
38318
34432
28031
27389
47670
61328
22686
8807
26769
62954
2762
45723
55276
4849
55206
38158
47939
15811
34250
48410
33389
22716
29278
10184
35791
37292
49131
14538
19113
50967
72
30261
10658
64865
14401
25122
61730
16760
17296
49081
50283
388
16971
18529
8821
35325
27481
49826
30623
31740
2798
7725
40550
25447
38373
1163
36666
7859
9267
35791
33953
16569
47817
1217
2429
36280
2481
22742
64919
59782
29349
63880
18609
39923
45224
60217
6427
31837
34598
9609
32576
1039
49214
2618
34748
17135
4926
34497
40872
26935
32616
3002
50917
56785
16599
40118
33051
25029
57185
4780
29527
26624
24177
18402
30922
52244
19138
19929
47230
21637
7280
20601
57128
46079
2721
13877
16040
62175
16139
63244
55232
40393
9279
42065
36157
47373
63256
3506
14661
8572
35634
13528
37216
44138
24885
31916
41743
24558
25882
56331
56487
33955
24575
49586
42027
253
58683
47259
15058
28296
9048
60769
22436
6340
63384
11891
28848
42628
13297
56951
185
34751
35952
4681
20879
31967
51094
65239
284
10286
54823
14073
56309
47166
30709
37493
64117
24877
13573
65034
47480
46315
13013
48311
3004
34379
56665
42218
20716
4568
24578
48351
57911
49315
32233
59569
38219
13947
50781
34445
50458
7344
19890
17024
57091
32479
44748
51059
55833
48742
61799
28369
26775
26005
8463
40891
41087
11088
39493
10813
31413
38237
56223
52941
1927
4275
39176
3741
61234
26294
54570
55913
37888
59900
24878
17286
30101
61356
43856
49726
49304
29175
41430
17792
61207
30339
24490
9856
9023
55186
43736
24451
19273
51765
10568
25632
59782
17711
52719
37510
35265
48588
60979
3491
60650
26568
52503
36678
59519
50700
11671
21436
63340
18788
45161
5756
53747
33541
49307
25904
53231
160
36639
35889
53454
53621
56614
35235
19758
27986
61585
51938
43773
55833
13052
48965
64857
30845
27461
19366
51346
30539
53498
61339
59284
5165
4470
34961
13927
13215
48484
25540
35824
34269
2968
5875
59321
5705
53636
64769
36258
23696
31437
22326
21791
27776
30225
55903
25217
53688
24140
49289
14981
49467
21267
32959
64026
14988
49193
48771
276
16108
58186
20141
36317
40320
57090
53110
21821
51473
8265
439
45879
30172
25477
4651
33855
13771
10689
22325
22418
11721
61907
47648
32733
12756
57268
24250
34205
56636
36899
61856
53806
33661
58515
59534
45647
27284
27968
35138
24238
37766
24945
38659
55164
16358
35517
29849
35064
23821
13270
32115
53508
26169
45037
31802
15579
10202
57828
58421
18658
65076
54287
48468
24231
47806
52926
48361
64941
48127
57136
34694
24049
1501
44680
36571
22089
16992
15023
59811
26
40708
9811
10079
1245
63307
11127
50842
64353
52346
55762
9836
62037
12912
22847
39864
42582
17625
58814
37845
51954
29825
14210
14827
53988
15590
60196
1498
19396
44094
15851
37822
59215
54908
23848
34314
57345
27772
65389
27206
27362
34288
47065
19865
13463
23726
14405
4903
34594
36243
42032
42667
10105
7094
56470
51816
29125
16689
53856
48182
57197
17146
2669
717
20165
23982
33009
59012
59509
13831
33610
61403
56645
25383
15473
3689
59403
61747
64142
5325
11564
35379
24733
5564
56262
6167
5973
64532
44706
40750
18770
53168
56360
6869
33206
23340
10204
51367
61103
63500
3246
26470
46172
52956
32982
94
56624
50284
47450
17035
38136
3131
57337
53347
6061
7938
41297
4609
1803
56054
17853
47184
30347
22148
5448
38934
50667
28101
45257
30885
33921
4931
57305
57046
54304
46602
55083
25796
44733
44426
58625
22350
46963
8185
44191
50703
56163
38354
1359
65456
35391
48344
16635
19757
7820
23393
6294
14675
41963
16674
64840
34941
21340
605
49959
21972
15263
25773
59664
22816
54226
50801
32730
51420
61844
8984
27879
27210
26455
7052
30846
23109
40079
4889
64074
49317
50497
47700
44384
43692
4713
35710
7233
37367
46539
51797
31763
55975
58308
38127
46961
46960
61744
51213
52390
11047
11317
47042
43906
14128
23027
39250
3051
64457
43402
36224
39694
37885
5247
24256
41085
41489
17929
40409
23155
52282
19362
62750
47024
13016
8888
30503
26946
13196
9881
50674
7831
32110
63496
8910
58664
40134
37543
31412
23231
9772
21641
3595
39048
39943
1912
25162
23898
1156
55928
16390
8734
805
23231
56531
64241
42687
7739
15920
46701
7368
3278
60885
51417
9219
12601
20562
42700
38110
13608
10597
8459
13129
13707
60869
44355
28481
23352
36050
54279
54358
36995
64961
63405
59315
